F 0.000 0.000 0.000 0.000 0.000 0.011 0.008 0.000 0.000 0.000 0.258 0.271 0.271 0.261 0.073 0.000 0.000 0.000 0.267 0.000 0.000 0.000 0.000 0.000 0.000 0.000 0.361 0.270 0.270 0.273 0.037 0.000 0.000 0.000 0.267 0.000 0.000 0.000 0.000 0.000 0.000 0.000 0.272 0.000 0.000 0.000 0.000 0.000 0.000 0.000 0.119 0.000 0.000 0.000 0.000 0.000 0.000 0.000 0.000 0.000 0.000 0.000 0.000 0.000
F 0.000 0.000 0.000 0.000 0.007 0.231 0.047 0.000 0.000 0.000 0.010 0.234 0.293 0.054 0.000 0.000 0.000 0.000 0.414 0.088 0.017 0.030 0.000 0.000 0.000 0.000 0.272 0.219 0.293 0.037 0.000 0.000 0.000 0.000 0.484 0.116 0.000 0.000 0.000 0.000 0.000 0.031 0.240 0.000 0.000 0.000 0.000 0.000 0.000 0.029 0.097 0.000 0.000 0.000 0.000 0.000 0.000 0.000 0.000 0.000 0.000 0.000 0.000 0.000
F 0.000 0.000 0.000 0.000 0.000 0.000 0.000 0.000 0.000 0.000 0.258 0.267 0.241 0.000 0.000 0.000 0.000 0.000 0.272 0.000 0.000 0.000 0.000 0.000 0.000 0.000 0.418 0.269 0.163 0.000 0.000 0.000 0.000 0.000 0.271 0.000 0.000 0.000 0.000 0.000 0.000 0.000 0.267 0.000 0.000 0.000 0.000 0.000 0.000 0.000 0.028 0.000 0.000 0.000 0.000 0.000 0.000 0.000 0.000 0.000 0.000 0.000 0.000 0.000
F 0.000 0.000 0.000 0.000 0.000 0.000 0.000 0.000 0.000 0.000 0.103 0.321 0.271 0.268 0.011 0.000 0.000 0.000 0.213 0.191 0.143 0.234 0.274 0.022 0.000 0.000 0.268 0.138 0.124 0.037 0.000 0.000 0.000 0.000 0.250 0.021 0.000 0.000 0.000 0.000 0.000 0.000 0.143 0.112 0.000 0.000 0.000 0.000 0.000 0.000 0.000 0.000 0.000 0.000 0.000 0.000 0.000 0.000 0.000 0.000 0.000 0.000 0.000 0.000
F 0.000 0.000 0.000 0.000 0.029 0.011 0.000 0.000 0.000 0.137 0.331 0.272 0.239 0.263 0.152 0.000 0.000 0.167 0.100 0.000 0.000 0.000 0.000 0.000 0.000 0.124 0.297 0.268 0.197 0.000 0.000 0.000 0.000 0.022 0.252 0.000 0.000 0.000 0.000 0.000 0.000 0.000 0.174 0.000 0.000 0.000 0.000 0.000 0.000 0.000 0.000 0.000 0.000 0.000 0.000 0.000 0.000 0.000 0.000 0.000 0.000 0.000 0.000 0.000
F 0.000 0.000 0.000 0.000 0.000 0.000 0.000 0.000 0.000 0.000 0.000 0.463 0.271 0.253 0.000 0.000 0.000 0.000 0.023 0.467 0.137 0.000 0.000 0.000 0.000 0.000 0.000 0.268 0.000 0.000 0.000 0.000 0.000 0.000 0.000 0.234 0.000 0.000 0.000 0.000 0.000 0.000 0.000 0.000 0.000 0.000 0.000 0.000 0.000 0.000 0.000 0.000 0.000 0.000 0.000 0.000 0.000 0.000 0.000 0.000 0.000 0.000 0.000 0.000
F 0.000 0.000 0.000 0.000 0.000 0.000 0.000 0.000 0.000 0.000 0.000 0.224 0.268 0.226 0.000 0.000 0.000 0.000 0.000 0.322 0.100 0.008 0.000 0.000 0.000 0.000 0.000 0.382 0.169 0.003 0.000 0.000 0.000 0.000 0.000 0.269 0.000 0.000 0.000 0.000 0.000 0.000 0.000 0.119 0.000 0.000 0.000 0.000 0.000 0.000 0.000 0.000 0.000 0.000 0.000 0.000 0.000 0.000 0.000 0.000 0.000 0.000 0.000 0.000
F 0.000 0.000 0.000 0.000 0.000 0.000 0.000 0.000 0.000 0.000 0.273 0.270 0.267 0.267 0.028 0.000 0.000 0.000 0.267 0.000 0.000 0.000 0.000 0.000 0.000 0.000 0.363 0.269 0.199 0.000 0.000 0.000 0.000 0.000 0.267 0.000 0.000 0.000 0.000 0.000 0.000 0.000 0.197 0.031 0.000 0.000 0.000 0.000 0.000 0.000 0.000 0.000 0.000 0.000 0.000 0.000 0.000 0.000 0.000 0.000 0.000 0.000 0.000 0.000
F 0.000 0.000 0.000 0.000 0.000 0.000 0.000 0.000 0.000 0.000 0.000 0.388 0.268 0.223 0.000 0.000 0.000 0.000 0.048 0.261 0.000 0.000 0.000 0.000 0.000 0.000 0.117 0.339 0.267 0.101 0.000 0.000 0.000 0.000 0.158 0.110 0.000 0.000 0.000 0.000 0.000 0.000 0.051 0.030 0.000 0.000 0.000 0.000 0.000 0.000 0.000 0.000 0.000 0.000 0.000 0.000 0.000 0.000 0.000 0.000 0.000 0.000 0.000 0.000
F 0.000 0.000 0.000 0.000 0.003 0.007 0.000 0.000 0.000 0.000 0.164 0.273 0.276 0.032 0.000 0.000 0.000 0.000 0.269 0.000 0.000 0.000 0.000 0.000 0.000 0.000 0.269 0.262 0.269 0.269 0.172 0.000 0.000 0.000 0.268 0.000 0.000 0.000 0.000 0.000 0.000 0.000 0.268 0.000 0.000 0.000 0.000 0.000 0.000 0.000 0.072 0.000 0.000 0.000 0.000 0.000 0.000 0.000 0.000 0.000 0.000 0.000 0.000 0.000
F 0.000 0.000 0.000 0.000 0.000 0.000 0.000 0.000 0.000 0.000 0.039 0.231 0.273 0.176 0.000 0.000 0.000 0.000 0.191 0.141 0.000 0.000 0.000 0.000 0.000 0.000 0.259 0.274 0.271 0.118 0.000 0.000 0.000 0.000 0.268 0.000 0.000 0.000 0.000 0.000 0.000 0.000 0.268 0.000 0.000 0.000 0.000 0.000 0.000 0.000 0.216 0.000 0.000 0.000 0.000 0.000 0.000 0.000 0.000 0.000 0.000 0.000 0.000 0.000
F 0.000 0.000 0.000 0.000 0.000 0.000 0.000 0.000 0.000 0.000 0.226 0.273 0.269 0.268 0.241 0.000 0.000 0.000 0.267 0.000 0.000 0.000 0.000 0.000 0.000 0.000 0.293 0.271 0.272 0.181 0.000 0.000 0.000 0.000 0.306 0.016 0.000 0.000 0.000 0.000 0.000 0.000 0.268 0.000 0.000 0.000 0.000 0.000 0.000 0.000 0.259 0.000 0.000 0.000 0.000 0.000 0.000 0.000 0.000 0.000 0.000 0.000 0.000 0.000
F 0.000 0.000 0.000 0.000 0.000 0.000 0.000 0.000 0.000 0.000 0.000 0.286 0.220 0.111 0.000 0.000 0.000 0.000 0.000 0.331 0.048 0.014 0.000 0.000 0.000 0.000 0.033 0.468 0.268 0.270 0.163 0.000 0.000 0.000 0.000 0.268 0.000 0.000 0.000 0.000 0.000 0.000 0.000 0.272 0.000 0.000 0.000 0.000 0.000 0.000 0.000 0.263 0.000 0.000 0.000 0.000 0.000 0.000 0.000 0.004 0.000 0.000 0.000 0.000
F 0.000 0.000 0.000 0.001 0.083 0.006 0.000 0.000 0.000 0.000 0.000 0.267 0.160 0.266 0.269 0.011 0.000 0.000 0.000 0.356 0.251 0.120 0.000 0.000 0.000 0.000 0.000 0.281 0.020 0.000 0.000 0.000 0.000 0.000 0.000 0.267 0.000 0.000 0.000 0.000 0.000 0.000 0.000 0.084 0.000 0.000 0.000 0.000 0.000 0.000 0.000 0.000 0.000 0.000 0.000 0.000 0.000 0.000 0.000 0.000 0.000 0.000 0.000 0.000
F 0.000 0.000 0.000 0.000 0.000 0.000 0.000 0.000 0.000 0.000 0.214 0.308 0.269 0.251 0.000 0.000 0.000 0.000 0.200 0.067 0.000 0.000 0.000 0.000 0.000 0.000 0.211 0.302 0.270 0.268 0.004 0.000 0.000 0.000 0.233 0.033 0.000 0.000 0.000 0.000 0.000 0.000 0.233 0.033 0.000 0.000 0.000 0.000 0.000 0.000 0.033 0.003 0.000 0.000 0.000 0.000 0.000 0.000 0.000 0.000 0.000 0.000 0.000 0.000
F 0.000 0.000 0.000 0.000 0.000 0.000 0.000 0.000 0.000 0.000 0.000 0.338 0.271 0.267 0.271 0.156 0.000 0.000 0.000 0.270 0.000 0.000 0.000 0.000 0.000 0.000 0.000 0.269 0.000 0.000 0.000 0.048 0.000 0.000 0.000 0.426 0.267 0.268 0.268 0.222 0.000 0.000 0.000 0.268 0.000 0.000 0.000 0.000 0.000 0.000 0.000 0.264 0.000 0.000 0.000 0.000 0.000 0.000 0.000 0.004 0.000 0.000 0.000 0.000
F 0.000 0.000 0.018 0.006 0.060 0.136 0.000 0.000 0.000 0.000 0.184 0.323 0.212 0.089 0.000 0.000 0.000 0.000 0.266 0.006 0.000 0.000 0.000 0.000 0.000 0.000 0.296 0.274 0.269 0.028 0.000 0.000 0.000 0.000 0.268 0.000 0.000 0.000 0.000 0.000 0.000 0.000 0.267 0.000 0.000 0.000 0.000 0.000 0.000 0.000 0.063 0.000 0.000 0.000 0.000 0.000 0.000 0.000 0.000 0.000 0.000 0.000 0.000 0.000
F 0.000 0.000 0.000 0.000 0.000 0.000 0.000 0.000 0.000 0.000 0.076 0.422 0.271 0.181 0.000 0.000 0.000 0.000 0.116 0.153 0.130 0.278 0.058 0.000 0.000 0.000 0.244 0.330 0.156 0.000 0.000 0.000 0.000 0.000 0.233 0.033 0.000 0.000 0.000 0.000 0.000 0.000 0.242 0.027 0.000 0.000 0.000 0.000 0.000 0.000 0.119 0.000 0.000 0.000 0.000 0.000 0.000 0.000 0.000 0.000 0.000 0.000 0.000 0.000
F 0.000 0.000 0.000 0.000 0.000 0.022 0.130 0.000 0.000 0.000 0.059 0.401 0.271 0.254 0.047 0.000 0.000 0.000 0.000 0.280 0.126 0.278 0.094 0.000 0.000 0.000 0.017 0.489 0.152 0.000 0.000 0.000 0.000 0.000 0.033 0.233 0.000 0.000 0.000 0.000 0.000 0.000 0.012 0.260 0.000 0.000 0.000 0.000 0.000 0.000 0.000 0.101 0.000 0.000 0.000 0.000 0.000 0.000 0.000 0.000 0.000 0.000 0.000 0.000
F 0.000 0.000 0.000 0.008 0.131 0.086 0.000 0.000 0.000 0.000 0.378 0.263 0.141 0.007 0.000 0.000 0.000 0.000 0.267 0.029 0.139 0.260 0.056 0.000 0.000 0.000 0.317 0.240 0.131 0.012 0.000 0.000 0.000 0.000 0.267 0.000 0.000 0.000 0.000 0.000 0.000 0.000 0.150 0.000 0.000 0.000 0.000 0.000 0.000 0.000 0.000 0.000 0.000 0.000 0.000 0.000 0.000 0.000 0.000 0.000 0.000 0.000 0.000 0.000
F 0.000 0.000 0.000 0.000 0.000 0.000 0.000 0.001 0.000 0.000 0.187 0.207 0.269 0.277 0.278 0.047 0.000 0.000 0.271 0.062 0.004 0.000 0.000 0.000 0.000 0.000 0.274 0.271 0.228 0.000 0.000 0.000 0.000 0.000 0.268 0.004 0.000 0.000 0.000 0.000 0.000 0.000 0.269 0.000 0.000 0.000 0.000 0.000 0.000 0.000 0.269 0.000 0.000 0.000 0.000 0.000 0.000 0.000 0.037 0.000 0.000 0.000 0.000 0.000
E 0.000 0.000 0.000 0.000 0.000 0.000 0.048 0.023 0.000 0.000 0.323 0.269 0.270 0.273 0.227 0.014 0.000 0.000 0.268 0.000 0.000 0.000 0.000 0.000 0.000 0.000 0.390 0.268 0.271 0.030 0.000 0.000 0.000 0.000 0.268 0.000 0.000 0.000 0.000 0.000 0.000 0.024 0.471 0.269 0.064 0.000 0.000 0.000 0.000 0.000 0.037 0.000 0.000 0.000 0.000 0.000 0.000 0.000 0.000 0.000 0.000 0.000 0.000 0.000
E 0.000 0.000 0.000 0.000 0.106 0.291 0.271 0.013 0.000 0.000 0.370 0.288 0.179 0.000 0.000 0.000 0.000 0.000 0.208 0.062 0.000 0.000 0.047 0.000 0.000 0.000 0.146 0.124 0.217 0.294 0.146 0.000 0.000 0.000 0.133 0.401 0.074 0.000 0.000 0.000 0.000 0.000 0.133 0.133 0.000 0.179 0.019 0.000 0.000 0.000 0.143 0.342 0.280 0.102 0.000 0.000 0.000 0.000 0.000 0.000 0.000 0.000 0.000 0.000
E 0.000 0.000 0.000 0.008 0.000 0.000 0.000 0.000 0.000 0.000 0.000 0.438 0.270 0.153 0.000 0.000 0.000 0.000 0.000 0.271 0.000 0.000 0.000 0.000 0.000 0.000 0.092 0.419 0.270 0.268 0.000 0.000 0.000 0.000 0.190 0.080 0.000 0.000 0.000 0.000 0.000 0.000 0.307 0.168 0.256 0.244 0.000 0.000 0.000 0.000 0.177 0.144 0.020 0.000 0.000 0.000 0.000 0.000 0.000 0.000 0.000 0.000 0.000 0.000
E 0.000 0.000 0.000 0.000 0.000 0.000 0.000 0.000 0.000 0.000 0.000 0.359 0.269 0.266 0.011 0.000 0.000 0.000 0.007 0.270 0.000 0.000 0.000 0.000 0.000 0.000 0.167 0.107 0.000 0.000 0.000 0.000 0.000 0.000 0.334 0.162 0.249 0.161 0.000 0.000 0.000 0.000 0.337 0.108 0.019 0.000 0.000 0.000 0.000 0.000 0.320 0.126 0.250 0.277 0.184 0.000 0.000 0.000 0.267 0.143 0.024 0.000 0.000 0.000
E 0.000 0.000 0.000 0.032 0.029 0.134 0.016 0.000 0.000 0.000 0.000 0.331 0.240 0.137 0.003 0.000 0.000 0.000 0.000 0.267 0.000 0.000 0.000 0.000 0.000 0.000 0.000 0.267 0.000 0.000 0.000 0.000 0.000 0.000 0.000 0.319 0.274 0.269 0.268 0.223 0.000 0.000 0.000 0.271 0.000 0.000 0.000 0.000 0.000 0.000 0.000 0.347 0.274 0.269 0.272 0.277 0.000 0.000 0.000 0.141 0.000 0.000 0.000 0.000
E 0.000 0.000 0.000 0.000 0.000 0.000 0.000 0.000 0.000 0.000 0.000 0.308 0.271 0.270 0.101 0.000 0.000 0.000 0.000 0.268 0.000 0.000 0.000 0.000 0.000 0.000 0.000 0.426 0.277 0.090 0.000 0.000 0.000 0.000 0.000 0.311 0.000 0.000 0.000 0.000 0.000 0.000 0.000 0.357 0.260 0.279 0.012 0.000 0.000 0.000 0.000 0.118 0.018 0.000 0.000 0.000 0.000 0.000 0.000 0.000 0.000 0.000 0.000 0.000
E 0.000 0.000 0.000 0.000 0.000 0.006 0.000 0.000 0.000 0.000 0.172 0.341 0.272 0.222 0.000 0.000 0.000 0.000 0.217 0.052 0.000 0.000 0.000 0.000 0.000 0.000 0.233 0.072 0.216 0.011 0.000 0.000 0.000 0.000 0.319 0.259 0.054 0.000 0.000 0.000 0.000 0.000 0.238 0.036 0.079 0.099 0.000 0.000 0.000 0.000 0.046 0.136 0.191 0.134 0.000 0.000 0.000 0.000 0.000 0.000 0.000 0.000 0.000 0.000
E 0.000 0.000 0.000 0.000 0.000 0.000 0.000 0.000 0.000 0.000 0.178 0.272 0.136 0.000 0.000 0.000 0.000 0.000 0.267 0.000 0.000 0.000 0.000 0.000 0.000 0.000 0.270 0.000 0.000 0.000 0.000 0.000 0.000 0.000 0.341 0.272 0.269 0.161 0.000 0.000 0.000 0.000 0.330 0.000 0.000 0.006 0.023 0.000 0.000 0.000 0.288 0.233 0.274 0.294 0.037 0.000 0.000 0.000 0.097 0.040 0.000 0.000 0.000 0.000
E 0.000 0.000 0.000 0.192 0.196 0.200 0.062 0.000 0.000 0.000 0.000 0.337 0.072 0.067 0.019 0.000 0.000 0.000 0.000 0.268 0.000 0.000 0.000 0.000 0.000 0.000 0.000 0.394 0.272 0.269 0.046 0.000 0.000 0.000 0.000 0.293 0.087 0.148 0.210 0.104 0.000 0.000 0.000 0.114 0.182 0.121 0.058 0.004 0.000 0.000 0.000 0.000 0.000 0.000 0.000 0.000 0.000 0.000 0.000 0.000 0.000 0.000 0.000 0.000
E 0.000 0.001 0.000 0.000 0.003 0.068 0.100 0.016 0.000 0.088 0.402 0.271 0.268 0.201 0.167 0.030 0.000 0.033 0.233 0.000 0.000 0.000 0.000 0.000 0.000 0.006 0.266 0.000 0.048 0.223 0.037 0.000 0.000 0.000 0.374 0.274 0.224 0.054 0.180 0.000 0.000 0.000 0.346 0.267 0.274 0.284 0.087 0.000 0.000 0.000 0.077 0.000 0.000 0.000 0.000 0.000 0.000 0.000 0.000 0.000 0.000 0.000 0.000 0.000
E 0.000 0.000 0.000 0.000 0.000 0.000 0.000 0.000 0.000 0.000 0.000 0.190 0.000 0.071 0.176 0.000 0.000 0.000 0.083 0.471 0.271 0.200 0.061 0.000 0.000 0.000 0.000 0.269 0.000 0.000 0.000 0.000 0.000 0.000 0.000 0.351 0.233 0.257 0.118 0.000 0.000 0.000 0.000 0.273 0.033 0.012 0.000 0.000 0.000 0.000 0.000 0.398 0.270 0.269 0.267 0.270 0.000 0.000 0.000 0.000 0.000 0.000 0.000 0.000
E 0.000 0.000 0.000 0.000 0.000 0.000 0.000 0.000 0.000 0.023 0.348 0.267 0.269 0.270 0.200 0.000 0.000 0.000 0.271 0.000 0.000 0.000 0.000 0.000 0.000 0.000 0.410 0.262 0.190 0.118 0.000 0.000 0.000 0.000 0.267 0.010 0.080 0.070 0.000 0.000 0.000 0.000 0.276 0.000 0.000 0.000 0.000 0.000 0.000 0.000 0.226 0.270 0.271 0.164 0.000 0.000 0.000 0.000 0.000 0.000 0.000 0.000 0.000 0.000
E 0.000 0.000 0.000 0.000 0.000 0.000 0.000 0.000 0.000 0.000 0.193 0.274 0.276 0.163 0.000 0.000 0.000 0.000 0.273 0.000 0.000 0.000 0.000 0.000 0.000 0.000 0.349 0.268 0.267 0.268 0.011 0.000 0.000 0.000 0.282 0.092 0.211 0.271 0.128 0.000 0.000 0.000 0.156 0.179 0.060 0.000 0.000 0.000 0.000 0.000 0.000 0.000 0.000 0.000 0.000 0.000 0.000 0.000 0.000 0.000 0.000 0.000 0.000 0.000
E 0.000 0.000 0.008 0.000 0.000 0.024 0.181 0.000 0.000 0.000 0.397 0.271 0.274 0.263 0.032 0.000 0.000 0.000 0.268 0.000 0.000 0.000 0.000 0.000 0.000 0.000 0.271 0.000 0.039 0.127 0.000 0.000 0.000 0.000 0.268 0.253 0.239 0.022 0.000 0.000 0.000 0.000 0.364 0.267 0.270 0.274 0.277 0.133 0.000 0.000 0.119 0.000 0.000 0.000 0.000 0.000 0.000 0.000 0.000 0.000 0.000 0.000 0.000 0.000
E 0.000 0.000 0.033 0.000 0.118 0.074 0.000 0.000 0.000 0.000 0.331 0.297 0.160 0.001 0.000 0.000 0.000 0.000 0.270 0.000 0.000 0.000 0.000 0.000 0.000 0.000 0.270 0.117 0.283 0.170 0.000 0.000 0.000 0.000 0.448 0.192 0.000 0.017 0.000 0.000 0.000 0.000 0.304 0.267 0.287 0.170 0.000 0.000 0.000 0.000 0.161 0.012 0.000 0.000 0.000 0.000 0.000 0.000 0.000 0.000 0.000 0.000 0.000 0.000
U 0.000 0.033 0.029 0.000 0.000 0.000 0.000 0.000 0.000 0.214 0.054 0.000 0.000 0.000 0.000 0.000 0.000 0.233 0.033 0.000 0.008 0.046 0.000 0.000 0.000 0.171 0.104 0.000 0.159 0.119 0.000 0.000 0.000 0.012 0.273 0.000 0.274 0.000 0.000 0.000 0.000 0.000 0.300 0.008 0.304 0.000 0.000 0.000 0.000 0.000 0.043 0.318 0.047 0.000 0.000 0.000 0.000 0.000 0.000 0.000 0.000 0.000 0.000 0.000
U 0.000 0.000 0.000 0.000 0.000 0.000 0.000 0.000 0.000 0.000 0.000 0.000 0.228 0.000 0.098 0.140 0.000 0.000 0.000 0.089 0.184 0.000 0.207 0.068 0.000 0.000 0.000 0.167 0.100 0.000 0.306 0.000 0.000 0.000 0.000 0.076 0.350 0.327 0.131 0.000 0.000 0.000 0.000 0.000 0.000 0.000 0.000 0.000 0.000 0.000 0.000 0.000 0.000 0.000 0.000 0.000 0.000 0.000 0.000 0.000 0.000 0.000 0.000 0.000
U 0.000 0.000 0.047 0.000 0.000 0.000 0.000 0.000 0.000 0.000 0.270 0.000 0.000 0.000 0.000 0.000 0.000 0.000 0.267 0.000 0.054 0.087 0.000 0.000 0.000 0.000 0.267 0.000 0.242 0.039 0.000 0.000 0.000 0.000 0.281 0.000 0.309 0.000 0.000 0.000 0.000 0.000 0.110 0.388 0.074 0.000 0.000 0.000 0.000 0.000 0.000 0.000 0.000 0.000 0.000 0.000 0.000 0.000 0.000 0.000 0.000 0.000 0.000 0.000
U 0.000 0.000 0.000 0.000 0.000 0.000 0.000 0.000 0.000 0.000 0.081 0.000 0.000 0.008 0.027 0.000 0.000 0.000 0.272 0.000 0.000 0.143 0.129 0.000 0.000 0.000 0.268 0.000 0.000 0.282 0.004 0.000 0.000 0.000 0.273 0.000 0.048 0.283 0.000 0.000 0.000 0.000 0.124 0.294 0.318 0.003 0.000 0.000 0.000 0.000 0.000 0.000 0.000 0.000 0.000 0.000 0.000 0.000 0.000 0.000 0.000 0.000 0.000 0.000
U 0.000 0.000 0.000 0.000 0.000 0.000 0.000 0.000 0.000 0.117 0.121 0.000 0.000 0.069 0.000 0.000 0.000 0.064 0.208 0.000 0.000 0.271 0.000 0.000 0.000 0.000 0.277 0.000 0.029 0.259 0.000 0.000 0.000 0.000 0.301 0.000 0.334 0.017 0.000 0.000 0.000 0.000 0.091 0.323 0.093 0.000 0.000 0.000 0.000 0.000 0.000 0.000 0.000 0.000 0.000 0.000 0.000 0.000 0.000 0.000 0.000 0.000 0.000 0.000
U 0.000 0.000 0.000 0.000 0.000 0.000 0.000 0.000 0.000 0.123 0.000 0.000 0.000 0.000 0.000 0.000 0.000 0.269 0.000 0.000 0.017 0.132 0.000 0.000 0.000 0.271 0.000 0.000 0.234 0.046 0.000 0.000 0.000 0.262 0.010 0.000 0.282 0.000 0.000 0.000 0.000 0.230 0.042 0.098 0.230 0.000 0.000 0.000 0.000 0.038 0.287 0.230 0.000 0.000 0.000 0.000 0.000 0.000 0.000 0.000 0.000 0.000 0.000 0.000
U 0.000 0.000 0.139 0.000 0.000 0.000 0.053 0.000 0.000 0.000 0.267 0.000 0.000 0.000 0.269 0.000 0.000 0.000 0.268 0.000 0.000 0.000 0.288 0.000 0.000 0.000 0.269 0.000 0.000 0.124 0.196 0.000 0.000 0.000 0.248 0.027 0.090 0.301 0.000 0.000 0.000 0.000 0.040 0.304 0.239 0.000 0.000 0.000 0.000 0.000 0.000 0.000 0.000 0.000 0.000 0.000 0.000 0.000 0.000 0.000 0.000 0.000 0.000 0.000
U 0.000 0.000 0.000 0.000 0.000 0.000 0.071 0.000 0.000 0.000 0.038 0.000 0.000 0.079 0.196 0.000 0.000 0.000 0.276 0.000 0.000 0.253 0.021 0.000 0.000 0.000 0.277 0.000 0.000 0.283 0.000 0.000 0.000 0.000 0.217 0.060 0.102 0.213 0.000 0.000 0.000 0.000 0.039 0.323 0.331 0.000 0.000 0.000 0.000 0.000 0.000 0.126 0.002 0.000 0.000 0.000 0.000 0.000 0.000 0.000 0.000 0.000 0.000 0.000
U 0.000 0.000 0.059 0.000 0.000 0.000 0.023 0.000 0.000 0.000 0.274 0.000 0.000 0.000 0.272 0.000 0.000 0.000 0.268 0.000 0.000 0.106 0.183 0.000 0.000 0.000 0.271 0.000 0.000 0.308 0.000 0.000 0.000 0.000 0.268 0.010 0.153 0.168 0.000 0.000 0.000 0.000 0.129 0.193 0.317 0.000 0.000 0.000 0.000 0.000 0.006 0.347 0.004 0.000 0.000 0.000 0.000 0.000 0.000 0.000 0.000 0.000 0.000 0.000
U 0.000 0.000 0.000 0.000 0.000 0.000 0.000 0.000 0.000 0.000 0.220 0.000 0.000 0.000 0.000 0.000 0.000 0.000 0.270 0.000 0.000 0.000 0.247 0.000 0.000 0.000 0.268 0.000 0.000 0.000 0.269 0.000 0.000 0.000 0.270 0.000 0.000 0.064 0.212 0.000 0.000 0.000 0.287 0.000 0.000 0.334 0.008 0.000 0.000 0.000 0.069 0.283 0.278 0.077 0.000 0.000 0.000 0.000 0.000 0.000 0.000 0.000 0.000 0.000
U 0.000 0.000 0.000 0.000 0.000 0.000 0.000 0.000 0.000 0.000 0.008 0.000 0.000 0.000 0.000 0.000 0.000 0.000 0.269 0.000 0.000 0.000 0.082 0.023 0.000 0.000 0.259 0.009 0.000 0.000 0.253 0.022 0.000 0.000 0.166 0.114 0.000 0.000 0.284 0.000 0.000 0.000 0.010 0.262 0.000 0.067 0.242 0.000 0.000 0.000 0.000 0.411 0.273 0.309 0.001 0.000 0.000 0.000 0.000 0.018 0.000 0.000 0.000 0.000
U 0.000 0.000 0.000 0.000 0.000 0.000 0.000 0.000 0.000 0.000 0.250 0.000 0.000 0.000 0.041 0.000 0.000 0.000 0.273 0.000 0.000 0.000 0.277 0.000 0.000 0.000 0.267 0.000 0.000 0.090 0.184 0.000 0.000 0.000 0.280 0.000 0.000 0.272 0.007 0.000 0.000 0.000 0.273 0.000 0.000 0.294 0.000 0.000 0.000 0.000 0.173 0.281 0.316 0.074 0.000 0.000 0.000 0.000 0.000 0.000 0.000 0.000 0.000 0.000
U 0.000 0.000 0.000 0.000 0.000 0.000 0.001 0.000 0.000 0.000 0.079 0.070 0.000 0.000 0.263 0.000 0.000 0.000 0.227 0.043 0.000 0.000 0.268 0.000 0.000 0.000 0.268 0.000 0.000 0.000 0.271 0.000 0.000 0.000 0.269 0.007 0.000 0.064 0.218 0.000 0.000 0.000 0.044 0.350 0.031 0.329 0.003 0.000 0.000 0.000 0.000 0.017 0.250 0.086 0.000 0.000 0.000 0.000 0.000 0.000 0.000 0.000 0.000 0.000
U 0.000 0.000 0.000 0.000 0.000 0.000 0.000 0.077 0.000 0.151 0.007 0.000 0.000 0.000 0.000 0.269 0.000 0.267 0.000 0.000 0.000 0.000 0.000 0.272 0.000 0.267 0.000 0.000 0.000 0.000 0.094 0.187 0.000 0.124 0.173 0.000 0.000 0.000 0.300 0.001 0.000 0.000 0.307 0.120 0.000 0.229 0.174 0.000 0.000 0.000 0.000 0.178 0.270 0.109 0.000 0.000 0.000 0.000 0.000 0.000 0.000 0.000 0.000 0.000
U 0.000 0.000 0.000 0.000 0.000 0.000 0.000 0.000 0.000 0.037 0.098 0.000 0.000 0.000 0.000 0.000 0.000 0.248 0.029 0.000 0.000 0.043 0.131 0.000 0.000 0.270 0.000 0.000 0.000 0.247 0.029 0.000 0.000 0.274 0.000 0.000 0.000 0.273 0.000 0.000 0.000 0.166 0.169 0.000 0.000 0.282 0.000 0.000 0.000 0.000 0.191 0.296 0.327 0.103 0.000 0.000 0.000 0.000 0.000 0.000 0.000 0.000 0.000 0.000
U 0.000 0.000 0.000 0.000 0.000 0.000 0.000 0.000 0.000 0.000 0.016 0.000 0.000 0.097 0.000 0.000 0.000 0.000 0.271 0.000 0.000 0.269 0.000 0.000 0.000 0.000 0.279 0.000 0.077 0.258 0.000 0.000 0.000 0.000 0.273 0.017 0.346 0.000 0.000 0.000 0.000 0.000 0.271 0.326 0.023 0.000 0.000 0.000 0.000 0.000 0.000 0.000 0.000 0.000 0.000 0.000 0.000 0.000 0.000 0.000 0.000 0.000 0.000 0.000
U 0.000 0.000 0.000 0.000 0.000 0.000 0.000 0.000 0.000 0.016 0.000 0.000 0.000 0.032 0.000 0.000 0.000 0.268 0.000 0.000 0.000 0.271 0.000 0.000 0.000 0.268 0.000 0.000 0.000 0.280 0.000 0.000 0.000 0.276 0.000 0.000 0.116 0.229 0.000 0.000 0.000 0.219 0.102 0.059 0.323 0.000 0.000 0.000 0.000 0.000 0.230 0.248 0.002 0.000 0.000 0.000 0.000 0.000 0.000 0.000 0.000 0.000 0.000 0.000
U 0.000 0.000 0.000 0.000 0.000 0.000 0.000 0.000 0.000 0.000 0.091 0.007 0.000 0.000 0.212 0.000 0.000 0.000 0.274 0.000 0.000 0.000 0.281 0.000 0.000 0.000 0.274 0.000 0.000 0.126 0.159 0.000 0.000 0.000 0.274 0.000 0.000 0.291 0.000 0.000 0.000 0.000 0.278 0.000 0.113 0.233 0.000 0.000 0.000 0.000 0.208 0.271 0.227 0.000 0.000 0.000 0.000 0.000 0.000 0.000 0.000 0.000 0.000 0.000
U 0.000 0.000 0.000 0.000 0.000 0.000 0.000 0.000 0.000 0.000 0.000 0.184 0.000 0.000 0.000 0.169 0.000 0.000 0.136 0.139 0.000 0.000 0.000 0.267 0.000 0.000 0.267 0.002 0.000 0.000 0.000 0.268 0.000 0.000 0.237 0.047 0.000 0.000 0.000 0.283 0.000 0.000 0.017 0.324 0.000 0.000 0.250 0.093 0.000 0.000 0.000 0.094 0.299 0.284 0.173 0.000 0.000 0.000 0.000 0.000 0.000 0.000 0.000 0.000
U 0.000 0.000 0.000 0.000 0.000 0.000 0.000 0.000 0.000 0.000 0.112 0.041 0.000 0.000 0.032 0.000 0.000 0.000 0.271 0.000 0.000 0.000 0.271 0.000 0.000 0.000 0.269 0.000 0.000 0.008 0.269 0.000 0.000 0.000 0.264 0.013 0.000 0.221 0.066 0.000 0.000 0.000 0.060 0.238 0.004 0.317 0.000 0.000 0.000 0.000 0.000 0.261 0.324 0.046 0.000 0.000 0.000 0.000 0.000 0.000 0.000 0.000 0.000 0.000
U 0.000 0.000 0.000 0.000 0.000 0.000 0.000 0.000 0.000 0.000 0.026 0.070 0.000 0.000 0.180 0.000 0.000 0.000 0.264 0.028 0.000 0.000 0.279 0.000 0.000 0.000 0.283 0.000 0.000 0.088 0.214 0.000 0.000 0.000 0.270 0.000 0.000 0.317 0.000 0.000 0.000 0.000 0.317 0.000 0.206 0.137 0.000 0.000 0.000 0.000 0.140 0.319 0.231 0.000 0.000 0.000 0.000 0.000 0.000 0.000 0.000 0.000 0.000 0.000
F 0.000 0.194 0.289 0.269 0.273 0.108 0.000 0.000 0.000 0.274 0.000 0.000 0.000 0.000 0.000 0.000 0.000 0.271 0.000 0.000 0.000 0.000 0.000 0.000 0.000 0.322 0.273 0.269 0.273 0.037 0.000 0.000 0.000 0.267 0.000 0.000 0.000 0.000 0.000 0.000 0.000 0.267 0.000 0.000 0.000 0.000 0.000 0.000 0.000 0.173 0.000 0.000 0.000 0.000 0.000 0.000 0.000 0.000 0.000 0.000 0.000 0.000 0.000 0.000
F 0.260 0.273 0.271 0.267 0.106 0.000 0.000 0.000 0.257 0.014 0.000 0.000 0.000 0.000 0.000 0.000 0.239 0.279 0.269 0.268 0.046 0.000 0.000 0.000 0.271 0.000 0.000 0.000 0.000 0.000 0.000 0.000 0.269 0.000 0.000 0.000 0.000 0.000 0.000 0.000 0.267 0.000 0.000 0.000 0.000 0.000 0.000 0.000 0.090 0.000 0.000 0.000 0.000 0.000 0.000 0.000 0.000 0.000 0.000 0.000 0.000 0.000 0.000 0.000
F 0.000 0.214 0.270 0.269 0.267 0.288 0.276 0.077 0.000 0.269 0.000 0.000 0.000 0.000 0.000 0.000 0.000 0.273 0.000 0.000 0.000 0.000 0.000 0.000 0.000 0.331 0.267 0.270 0.272 0.270 0.267 0.054 0.000 0.272 0.000 0.000 0.000 0.000 0.000 0.000 0.000 0.270 0.000 0.000 0.000 0.000 0.000 0.000 0.000 0.278 0.000 0.000 0.000 0.000 0.000 0.000 0.000 0.206 0.000 0.000 0.000 0.000 0.000 0.000
F 0.000 0.000 0.000 0.000 0.000 0.000 0.000 0.000 0.000 0.000 0.238 0.268 0.269 0.270 0.087 0.000 0.000 0.000 0.273 0.000 0.000 0.000 0.000 0.000 0.000 0.000 0.259 0.283 0.267 0.269 0.037 0.000 0.000 0.000 0.120 0.153 0.000 0.000 0.000 0.000 0.000 0.000 0.038 0.231 0.000 0.000 0.000 0.000 0.000 0.000 0.200 0.091 0.000 0.000 0.000 0.000 0.000 0.000 0.000 0.000 0.000 0.000 0.000 0.000
E 0.164 0.269 0.267 0.267 0.267 0.099 0.000 0.000 0.267 0.000 0.000 0.000 0.000 0.000 0.000 0.000 0.268 0.000 0.000 0.000 0.000 0.000 0.000 0.000 0.314 0.267 0.269 0.269 0.270 0.028 0.000 0.000 0.267 0.000 0.000 0.000 0.000 0.000 0.000 0.000 0.270 0.000 0.000 0.000 0.000 0.000 0.000 0.000 0.254 0.270 0.269 0.267 0.227 0.000 0.000 0.000 0.000 0.000 0.000 0.000 0.000 0.000 0.000 0.000
E 0.000 0.277 0.269 0.271 0.274 0.099 0.000 0.000 0.000 0.269 0.000 0.000 0.000 0.000 0.000 0.000 0.000 0.371 0.269 0.269 0.267 0.066 0.000 0.000 0.000 0.270 0.000 0.000 0.000 0.000 0.000 0.000 0.000 0.269 0.000 0.000 0.000 0.000 0.000 0.000 0.000 0.331 0.133 0.147 0.158 0.031 0.000 0.000 0.000 0.207 0.133 0.122 0.112 0.032 0.000 0.000 0.000 0.000 0.000 0.000 0.000 0.000 0.000 0.000
E 0.000 0.000 0.000 0.000 0.000 0.000 0.000 0.000 0.000 0.196 0.277 0.272 0.267 0.154 0.000 0.000 0.000 0.270 0.000 0.000 0.000 0.000 0.000 0.000 0.000 0.277 0.264 0.267 0.270 0.102 0.000 0.000 0.000 0.268 0.000 0.000 0.000 0.000 0.000 0.000 0.000 0.272 0.000 0.000 0.000 0.000 0.000 0.000 0.000 0.238 0.271 0.267 0.273 0.154 0.000 0.000 0.000 0.000 0.000 0.000 0.000 0.000 0.000 0.000
E 0.000 0.000 0.000 0.000 0.000 0.000 0.000 0.000 0.000 0.000 0.289 0.267 0.267 0.220 0.000 0.000 0.000 0.000 0.267 0.000 0.000 0.000 0.000 0.000 0.000 0.000 0.373 0.267 0.277 0.090 0.000 0.000 0.000 0.000 0.267 0.000 0.000 0.000 0.000 0.000 0.000 0.000 0.267 0.000 0.000 0.000 0.000 0.000 0.000 0.000 0.294 0.269 0.271 0.151 0.000 0.000 0.000 0.000 0.000 0.000 0.000 0.000 0.000 0.000
E 0.000 0.000 0.000 0.216 0.267 0.272 0.274 0.063 0.000 0.000 0.000 0.267 0.000 0.000 0.000 0.000 0.000 0.000 0.000 0.267 0.000 0.000 0.000 0.000 0.000 0.000 0.000 0.334 0.268 0.267 0.273 0.118 0.000 0.000 0.000 0.269 0.000 0.000 0.000 0.000 0.000 0.000 0.000 0.268 0.000 0.000 0.000 0.000 0.000 0.000 0.000 0.264 0.267 0.267 0.269 0.083 0.000 0.000 0.000 0.000 0.000 0.000 0.000 0.000
U 0.000 0.000 0.000 0.000 0.000 0.000 0.000 0.000 0.000 0.000 0.158 0.000 0.000 0.000 0.204 0.000 0.000 0.000 0.279 0.000 0.000 0.000 0.281 0.000 0.000 0.000 0.268 0.000 0.000 0.000 0.270 0.000 0.000 0.000 0.273 0.000 0.000 0.000 0.270 0.000 0.000 0.000 0.269 0.000 0.000 0.000 0.267 0.000 0.000 0.000 0.280 0.274 0.272 0.268 0.296 0.000 0.000 0.000 0.000 0.000 0.000 0.000 0.000 0.000
U 0.000 0.000 0.000 0.000 0.000 0.000 0.000 0.000 0.000 0.000 0.216 0.000 0.000 0.130 0.018 0.000 0.000 0.000 0.270 0.000 0.000 0.233 0.037 0.000 0.000 0.000 0.274 0.000 0.000 0.200 0.067 0.000 0.000 0.000 0.270 0.000 0.000 0.236 0.039 0.000 0.000 0.000 0.176 0.299 0.262 0.320 0.000 0.000 0.000 0.000 0.000 0.009 0.016 0.000 0.000 0.000 0.000 0.000 0.000 0.000 0.000 0.000 0.000 0.000
U 0.000 0.131 0.000 0.000 0.000 0.000 0.000 0.162 0.000 0.273 0.000 0.000 0.000 0.000 0.000 0.292 0.000 0.277 0.000 0.000 0.000 0.000 0.000 0.269 0.000 0.270 0.000 0.000 0.000 0.000 0.000 0.268 0.000 0.264 0.004 0.000 0.000 0.000 0.000 0.317 0.000 0.182 0.098 0.000 0.000 0.000 0.312 0.082 0.000 0.010 0.342 0.278 0.270 0.306 0.130 0.000 0.000 0.000 0.000 0.000 0.000 0.000 0.000 0.000
U 0.139 0.000 0.000 0.000 0.119 0.000 0.000 0.000 0.267 0.000 0.000 0.000 0.143 0.147 0.000 0.000 0.267 0.000 0.000 0.000 0.058 0.216 0.000 0.000 0.268 0.000 0.000 0.000 0.278 0.023 0.000 0.000 0.287 0.000 0.000 0.000 0.283 0.000 0.000 0.000 0.189 0.151 0.000 0.118 0.200 0.000 0.000 0.000 0.000 0.213 0.269 0.231 0.000 0.000 0.000 0.000 0.000 0.000 0.000 0.000 0.000 0.000 0.000 0.000
U 0.000 0.120 0.000 0.000 0.000 0.000 0.110 0.000 0.000 0.267 0.000 0.000 0.000 0.000 0.282 0.000 0.000 0.280 0.000 0.000 0.000 0.000 0.281 0.000 0.000 0.270 0.000 0.000 0.000 0.000 0.270 0.000 0.000 0.272 0.000 0.000 0.000 0.000 0.284 0.000 0.000 0.268 0.000 0.000 0.000 0.000 0.279 0.000 0.000 0.180 0.300 0.233 0.270 0.302 0.116 0.000 0.000 0.000 0.003 0.033 0.007 0.000 0.000 0.000
E 0.000 0.000 0.000 0.000 0.000 0.000 0.000 0.000 0.000 0.000 0.274 0.268 0.267 0.271 0.101 0.000 0.000 0.000 0.272 0.000 0.000 0.000 0.000 0.000 0.000 0.000 0.337 0.267 0.267 0.273 0.072 0.000 0.000 0.000 0.269 0.000 0.000 0.000 0.000 0.000 0.000 0.000 0.269 0.000 0.000 0.000 0.000 0.000 0.000 0.000 0.181 0.267 0.269 0.267 0.111 0.000 0.000 0.000 0.000 0.000 0.000 0.000 0.000 0.000
E 0.000 0.000 0.159 0.201 0.237 0.206 0.000 0.000 0.000 0.000 0.319 0.068 0.031 0.000 0.000 0.000 0.000 0.000 0.267 0.000 0.000 0.000 0.000 0.000 0.000 0.000 0.294 0.269 0.269 0.028 0.000 0.000 0.000 0.000 0.270 0.000 0.000 0.000 0.000 0.000 0.000 0.000 0.373 0.269 0.267 0.267 0.267 0.269 0.000 0.000 0.063 0.000 0.000 0.000 0.000 0.000 0.000 0.000 0.000 0.000 0.000 0.000 0.000 0.000
F 0.183 0.267 0.268 0.019 0.000 0.000 0.000 0.000 0.267 0.000 0.000 0.000 0.000 0.000 0.000 0.000 0.267 0.064 0.067 0.096 0.006 0.000 0.000 0.000 0.171 0.271 0.200 0.172 0.013 0.000 0.000 0.000 0.181 0.091 0.000 0.000 0.000 0.000 0.000 0.000 0.037 0.001 0.000 0.000 0.000 0.000 0.000 0.000 0.000 0.000 0.000 0.000 0.000 0.000 0.000 0.000 0.000 0.000 0.000 0.000 0.000 0.000 0.000 0.000
F 0.000 0.000 0.000 0.000 0.000 0.000 0.000 0.000 0.000 0.000 0.307 0.267 0.268 0.153 0.000 0.000 0.000 0.000 0.273 0.000 0.000 0.000 0.000 0.000 0.000 0.000 0.267 0.003 0.047 0.049 0.000 0.000 0.000 0.000 0.440 0.268 0.221 0.157 0.000 0.000 0.000 0.000 0.292 0.000 0.000 0.000 0.000 0.000 0.000 0.000 0.278 0.000 0.000 0.000 0.000 0.000 0.000 0.000 0.032 0.000 0.000 0.000 0.000 0.000
U 0.000 0.166 0.000 0.000 0.000 0.000 0.146 0.000 0.000 0.268 0.000 0.000 0.000 0.000 0.271 0.000 0.000 0.270 0.000 0.000 0.000 0.000 0.270 0.000 0.000 0.267 0.000 0.000 0.000 0.000 0.270 0.000 0.000 0.273 0.000 0.000 0.000 0.000 0.272 0.000 0.000 0.304 0.002 0.000 0.000 0.000 0.287 0.000 0.000 0.052 0.299 0.278 0.268 0.287 0.149 0.000 0.000 0.000 0.000 0.000 0.000 0.000 0.000 0.000
E 0.000 0.000 0.000 0.000 0.263 0.273 0.270 0.172 0.000 0.000 0.000 0.000 0.272 0.000 0.000 0.000 0.000 0.000 0.000 0.000 0.269 0.000 0.000 0.000 0.000 0.000 0.000 0.000 0.371 0.267 0.267 0.108 0.000 0.000 0.000 0.000 0.269 0.000 0.000 0.000 0.000 0.000 0.000 0.000 0.270 0.000 0.000 0.000 0.000 0.000 0.000 0.000 0.331 0.269 0.269 0.154 0.000 0.000 0.000 0.000 0.000 0.000 0.000 0.000
F 0.000 0.122 0.266 0.267 0.267 0.267 0.102 0.000 0.000 0.268 0.000 0.000 0.000 0.000 0.000 0.000 0.000 0.267 0.000 0.000 0.000 0.000 0.000 0.000 0.000 0.326 0.267 0.267 0.267 0.270 0.064 0.000 0.000 0.270 0.000 0.000 0.000 0.000 0.000 0.000 0.000 0.269 0.000 0.000 0.000 0.000 0.000 0.000 0.000 0.270 0.000 0.000 0.000 0.000 0.000 0.000 0.000 0.254 0.000 0.000 0.000 0.000 0.000 0.000
F 0.174 0.268 0.269 0.267 0.126 0.000 0.000 0.000 0.267 0.000 0.000 0.000 0.000 0.000 0.000 0.000 0.270 0.000 0.000 0.000 0.000 0.000 0.000 0.000 0.362 0.268 0.267 0.268 0.108 0.000 0.000 0.000 0.272 0.000 0.000 0.000 0.000 0.000 0.000 0.000 0.280 0.000 0.000 0.000 0.000 0.000 0.000 0.000 0.248 0.000 0.000 0.000 0.000 0.000 0.000 0.000 0.000 0.000 0.000 0.000 0.000 0.000 0.000 0.000
F 0.000 0.000 0.000 0.269 0.269 0.270 0.271 0.091 0.000 0.000 0.000 0.267 0.000 0.000 0.000 0.000 0.000 0.000 0.000 0.267 0.000 0.000 0.000 0.000 0.000 0.000 0.000 0.320 0.268 0.267 0.271 0.054 0.000 0.000 0.000 0.271 0.000 0.000 0.000 0.000 0.000 0.000 0.000 0.269 0.000 0.000 0.000 0.000 0.000 0.000 0.000 0.138 0.000 0.000 0.000 0.000 0.000 0.000 0.000 0.000 0.000 0.000 0.000 0.000
F 0.000 0.000 0.000 0.306 0.290 0.273 0.232 0.000 0.000 0.000 0.000 0.267 0.000 0.000 0.000 0.000 0.000 0.000 0.000 0.372 0.268 0.276 0.150 0.000 0.000 0.000 0.000 0.271 0.000 0.000 0.000 0.000 0.000 0.000 0.000 0.268 0.000 0.000 0.000 0.000 0.000 0.000 0.000 0.272 0.000 0.000 0.000 0.000 0.000 0.000 0.000 0.171 0.000 0.000 0.000 0.000 0.000 0.000 0.000 0.000 0.000 0.000 0.000 0.000
F 0.000 0.000 0.000 0.000 0.000 0.000 0.000 0.000 0.000 0.000 0.000 0.000 0.019 0.000 0.000 0.000 0.000 0.000 0.000 0.000 0.296 0.278 0.271 0.114 0.000 0.000 0.000 0.000 0.268 0.000 0.000 0.000 0.000 0.000 0.000 0.000 0.327 0.267 0.273 0.074 0.000 0.000 0.000 0.000 0.269 0.000 0.000 0.000 0.000 0.000 0.000 0.000 0.189 0.000 0.000 0.000 0.000 0.000 0.000 0.000 0.000 0.000 0.000 0.000
F 0.000 0.000 0.000 0.000 0.000 0.000 0.000 0.000 0.000 0.000 0.000 0.000 0.000 0.000 0.000 0.000 0.000 0.000 0.000 0.000 0.000 0.000 0.000 0.000 0.000 0.000 0.000 0.000 0.000 0.000 0.000 0.000 0.263 0.269 0.267 0.190 0.000 0.000 0.000 0.000 0.301 0.124 0.160 0.116 0.000 0.000 0.000 0.000 0.327 0.143 0.109 0.037 0.000 0.000 0.000 0.000 0.054 0.000 0.000 0.000 0.000 0.000 0.000 0.000

U 0.000 0.000 0.010 0.000 0.000 0.000 0.000 0.000 0.000 0.000 0.288 0.000 0.000 0.000 0.133 0.000 0.000 0.000 0.270 0.000 0.000 0.000 0.272 0.009 0.000 0.000 0.269 0.000 0.000 0.000 0.202 0.067 0.000 0.000 0.268 0.000 0.000 0.000 0.251 0.019 0.000 0.000 0.267 0.000 0.000 0.000 0.279 0.000 0.000 0.000 0.256 0.274 0.267 0.281 0.247 0.000 0.000 0.000 0.000 0.000 0.000 0.000 0.000 0.000
U 0.000 0.000 0.000 0.000 0.000 0.000 0.000 0.000 0.259 0.000 0.000 0.000 0.000 0.134 0.000 0.000 0.238 0.042 0.000 0.000 0.000 0.277 0.000 0.000 0.052 0.227 0.000 0.000 0.000 0.269 0.000 0.000 0.000 0.267 0.000 0.000 0.000 0.269 0.000 0.000 0.000 0.267 0.000 0.000 0.000 0.294 0.000 0.000 0.000 0.382 0.119 0.088 0.343 0.073 0.000 0.000 0.000 0.022 0.159 0.189 0.009 0.000 0.000 0.000
U 0.000 0.000 0.000 0.151 0.000 0.000 0.000 0.103 0.000 0.000 0.000 0.276 0.000 0.000 0.000 0.274 0.000 0.000 0.000 0.283 0.000 0.000 0.137 0.181 0.000 0.000 0.000 0.280 0.016 0.000 0.294 0.000 0.000 0.000 0.000 0.038 0.357 0.223 0.229 0.000 0.000 0.000 0.000 0.000 0.021 0.063 0.000 0.000 0.000 0.000 0.000 0.000 0.000 0.000 0.000 0.000 0.000 0.000 0.000 0.000 0.000 0.000 0.000 0.000
U 0.143 0.000 0.000 0.000 0.000 0.174 0.000 0.000 0.268 0.000 0.000 0.000 0.000 0.269 0.000 0.000 0.267 0.000 0.000 0.000 0.000 0.271 0.000 0.000 0.267 0.000 0.000 0.000 0.000 0.286 0.000 0.000 0.272 0.022 0.000 0.000 0.192 0.111 0.000 0.000 0.046 0.277 0.000 0.080 0.303 0.000 0.000 0.000 0.000 0.149 0.269 0.224 0.000 0.000 0.000 0.000 0.000 0.000 0.000 0.000 0.000 0.000 0.000 0.000
U 0.000 0.179 0.000 0.000 0.000 0.157 0.000 0.000 0.000 0.269 0.000 0.000 0.000 0.269 0.000 0.000 0.000 0.268 0.000 0.000 0.000 0.267 0.000 0.000 0.000 0.268 0.000 0.000 0.000 0.272 0.000 0.000 0.000 0.250 0.037 0.000 0.006 0.278 0.000 0.000 0.000 0.013 0.316 0.000 0.294 0.060 0.000 0.000 0.000 0.000 0.128 0.284 0.126 0.000 0.000 0.000 0.000 0.000 0.000 0.000 0.000 0.000 0.000 0.000
E 0.000 0.000 0.000 0.000 0.288 0.270 0.270 0.243 0.000 0.000 0.000 0.000 0.272 0.000 0.000 0.000 0.000 0.000 0.000 0.000 0.268 0.000 0.000 0.000 0.000 0.000 0.000 0.000 0.311 0.267 0.267 0.179 0.000 0.000 0.000 0.000 0.267 0.000 0.000 0.000 0.000 0.000 0.000 0.000 0.274 0.000 0.000 0.041 0.000 0.000 0.000 0.000 0.244 0.264 0.277 0.189 0.000 0.000 0.000 0.000 0.000 0.000 0.000 0.000
E 0.000 0.000 0.266 0.270 0.240 0.236 0.108 0.000 0.000 0.000 0.267 0.000 0.029 0.033 0.000 0.000 0.000 0.000 0.357 0.007 0.000 0.000 0.000 0.000 0.000 0.000 0.318 0.280 0.267 0.269 0.028 0.000 0.000 0.000 0.271 0.000 0.000 0.000 0.000 0.000 0.000 0.000 0.363 0.073 0.067 0.057 0.013 0.000 0.000 0.000 0.161 0.196 0.200 0.213 0.112 0.000 0.000 0.000 0.000 0.000 0.000 0.000 0.000 0.000
E 0.313 0.276 0.268 0.267 0.269 0.063 0.000 0.000 0.268 0.000 0.000 0.000 0.000 0.000 0.000 0.000 0.268 0.000 0.000 0.000 0.000 0.000 0.000 0.000 0.277 0.264 0.267 0.272 0.272 0.171 0.000 0.000 0.271 0.000 0.000 0.000 0.000 0.000 0.000 0.000 0.271 0.000 0.000 0.000 0.000 0.000 0.000 0.000 0.338 0.248 0.269 0.270 0.270 0.054 0.000 0.000 0.023 0.020 0.000 0.000 0.000 0.000 0.000 0.000
E 0.000 0.266 0.271 0.267 0.267 0.267 0.019 0.000 0.000 0.267 0.000 0.000 0.000 0.000 0.000 0.000 0.000 0.267 0.000 0.000 0.000 0.000 0.000 0.000 0.000 0.388 0.268 0.269 0.268 0.267 0.046 0.000 0.000 0.271 0.000 0.000 0.000 0.000 0.000 0.000 0.000 0.274 0.000 0.000 0.000 0.000 0.000 0.000 0.000 0.184 0.267 0.267 0.269 0.120 0.000 0.000 0.000 0.000 0.000 0.000 0.000 0.000 0.000 0.000
F 0.209 0.271 0.268 0.267 0.099 0.000 0.000 0.000 0.270 0.000 0.000 0.000 0.000 0.000 0.000 0.000 0.270 0.234 0.270 0.271 0.082 0.000 0.000 0.000 0.276 0.000 0.000 0.000 0.000 0.000 0.000 0.000 0.272 0.000 0.000 0.000 0.000 0.000 0.000 0.000 0.269 0.000 0.000 0.000 0.000 0.000 0.000 0.000 0.198 0.000 0.000 0.000 0.000 0.000 0.000 0.000 0.000 0.000 0.000 0.000 0.000 0.000 0.000 0.000
F 0.000 0.157 0.286 0.270 0.268 0.268 0.127 0.000 0.000 0.107 0.172 0.000 0.000 0.000 0.000 0.000 0.000 0.000 0.268 0.000 0.000 0.000 0.000 0.000 0.000 0.001 0.462 0.267 0.269 0.128 0.000 0.000 0.000 0.000 0.271 0.000 0.000 0.000 0.000 0.000 0.000 0.000 0.267 0.000 0.000 0.000 0.000 0.000 0.000 0.000 0.219 0.000 0.000 0.000 0.000 0.000 0.000 0.000 0.000 0.000 0.000 0.000 0.000 0.000
F 0.000 0.000 0.000 0.000 0.307 0.267 0.267 0.170 0.000 0.000 0.000 0.000 0.268 0.000 0.000 0.000 0.000 0.000 0.000 0.000 0.269 0.000 0.000 0.000 0.000 0.000 0.000 0.000 0.393 0.277 0.273 0.200 0.000 0.000 0.000 0.000 0.267 0.000 0.000 0.007 0.000 0.000 0.000 0.000 0.269 0.000 0.000 0.000 0.000 0.000 0.000 0.000 0.094 0.000 0.000 0.000 0.000 0.000 0.000 0.000 0.000 0.000 0.000 0.000
F 0.000 0.000 0.000 0.000 0.000 0.000 0.000 0.000 0.000 0.000 0.000 0.000 0.000 0.000 0.000 0.000 0.000 0.000 0.000 0.200 0.276 0.267 0.267 0.223 0.000 0.000 0.000 0.267 0.000 0.000 0.000 0.000 0.000 0.000 0.000 0.321 0.269 0.270 0.227 0.000 0.000 0.000 0.000 0.289 0.008 0.000 0.000 0.000 0.000 0.000 0.000 0.281 0.000 0.000 0.000 0.000 0.000 0.000 0.000 0.178 0.000 0.000 0.000 0.000
F 0.000 0.000 0.000 0.000 0.000 0.000 0.000 0.000 0.282 0.270 0.268 0.267 0.268 0.090 0.000 0.000 0.272 0.000 0.000 0.000 0.000 0.000 0.000 0.000 0.317 0.274 0.267 0.267 0.267 0.209 0.000 0.000 0.267 0.000 0.000 0.000 0.000 0.000 0.000 0.000 0.268 0.000 0.000 0.000 0.000 0.000 0.000 0.000 0.271 0.000 0.000 0.000 0.000 0.000 0.000 0.000 0.117 0.000 0.000 0.000 0.000 0.000 0.000 0.000
F 0.000 0.000 0.000 0.000 0.000 0.000 0.000 0.000 0.000 0.000 0.000 0.000 0.000 0.000 0.000 0.000 0.000 0.000 0.379 0.274 0.278 0.239 0.000 0.000 0.000 0.000 0.270 0.000 0.000 0.000 0.000 0.000 0.000 0.000 0.271 0.000 0.000 0.009 0.000 0.000 0.000 0.016 0.470 0.273 0.269 0.163 0.000 0.000 0.000 0.049 0.220 0.000 0.000 0.000 0.000 0.000 0.000 0.024 0.083 0.000 0.000 0.000 0.000 0.000

F 0.000 0.000 0.000 0.000 0.294 0.270 0.267 0.134 0.000 0.000 0.000 0.000 0.277 0.000 0.000 0.000 0.000 0.000 0.000 0.000 0.297 0.271 0.268 0.054 0.000 0.000 0.000 0.000 0.272 0.000 0.000 0.000 0.000 0.000 0.000 0.000 0.252 0.000 0.000 0.000 0.000 0.000 0.000 0.000 0.000 0.000 0.000 0.000 0.000 0.000 0.000 0.000 0.000 0.000 0.000 0.000 0.000 0.000 0.000 0.000 0.000 0.000 0.000 0.000
F 0.301 0.269 0.269 0.116 0.000 0.000 0.000 0.000 0.272 0.000 0.000 0.000 0.000 0.000 0.000 0.000 0.326 0.267 0.272 0.127 0.000 0.000 0.000 0.000 0.267 0.000 0.000 0.000 0.000 0.000 0.000 0.000 0.188 0.000 0.000 0.000 0.000 0.000 0.000 0.000 0.000 0.000 0.000 0.000 0.000 0.000 0.000 0.000 0.000 0.000 0.000 0.000 0.000 0.000 0.000 0.000 0.000 0.000 0.000 0.000 0.000 0.000 0.000 0.000
F 0.000 0.000 0.000 0.000 0.000 0.000 0.000 0.000 0.000 0.000 0.000 0.000 0.000 0.000 0.000 0.000 0.000 0.000 0.000 0.000 0.000 0.000 0.000 0.000 0.000 0.000 0.000 0.000 0.000 0.000 0.000 0.000 0.164 0.307 0.267 0.270 0.022 0.000 0.000 0.000 0.232 0.038 0.000 0.000 0.000 0.000 0.000 0.000 0.276 0.267 0.270 0.150 0.000 0.000 0.000 0.000 0.267 0.000 0.000 0.000 0.000 0.000 0.000 0.000
F 0.000 0.000 0.000 0.000 0.000 0.000 0.000 0.000 0.000 0.000 0.000 0.000 0.000 0.000 0.000 0.000 0.000 0.000 0.000 0.000 0.000 0.000 0.000 0.000 0.000 0.000 0.000 0.000 0.000 0.000 0.000 0.000 0.000 0.000 0.000 0.000 0.383 0.269 0.269 0.047 0.000 0.000 0.000 0.000 0.267 0.000 0.000 0.000 0.000 0.000 0.000 0.000 0.399 0.269 0.269 0.099 0.000 0.000 0.000 0.000 0.276 0.000 0.000 0.000
E 0.266 0.272 0.271 0.173 0.000 0.000 0.000 0.000 0.267 0.000 0.000 0.000 0.000 0.000 0.000 0.000 0.336 0.250 0.266 0.004 0.000 0.000 0.000 0.000 0.342 0.021 0.000 0.000 0.000 0.000 0.000 0.000 0.271 0.000 0.000 0.000 0.000 0.000 0.000 0.000 0.379 0.272 0.276 0.019 0.000 0.000 0.000 0.000 0.028 0.000 0.000 0.000 0.000 0.000 0.000 0.000 0.000 0.000 0.000 0.000 0.000 0.000 0.000 0.000
E 0.000 0.000 0.000 0.000 0.268 0.267 0.267 0.108 0.000 0.000 0.000 0.000 0.269 0.000 0.000 0.000 0.000 0.000 0.000 0.000 0.267 0.000 0.000 0.000 0.000 0.000 0.000 0.000 0.347 0.271 0.267 0.127 0.000 0.000 0.000 0.000 0.270 0.000 0.000 0.000 0.000 0.000 0.000 0.000 0.316 0.270 0.273 0.139 0.000 0.000 0.000 0.000 0.000 0.000 0.000 0.000 0.000 0.000 0.000 0.000 0.000 0.000 0.000 0.000
E 0.000 0.000 0.000 0.000 0.000 0.000 0.000 0.000 0.000 0.000 0.000 0.000 0.000 0.000 0.000 0.000 0.000 0.000 0.000 0.000 0.000 0.000 0.000 0.000 0.000 0.000 0.000 0.000 0.000 0.000 0.000 0.000 0.000 0.000 0.000 0.000 0.284 0.267 0.269 0.099 0.000 0.000 0.000 0.000 0.311 0.100 0.100 0.016 0.000 0.000 0.000 0.000 0.314 0.167 0.167 0.030 0.000 0.000 0.000 0.000 0.312 0.267 0.246 0.000
E 0.000 0.000 0.000 0.000 0.000 0.000 0.000 0.000 0.000 0.000 0.000 0.000 0.000 0.000 0.000 0.000 0.000 0.000 0.000 0.000 0.000 0.000 0.000 0.000 0.000 0.000 0.000 0.000 0.000 0.000 0.000 0.000 0.233 0.268 0.268 0.138 0.000 0.000 0.000 0.000 0.276 0.271 0.268 0.143 0.000 0.000 0.000 0.000 0.269 0.000 0.000 0.000 0.000 0.000 0.000 0.000 0.114 0.269 0.268 0.120 0.000 0.000 0.000 0.000
E 0.193 0.266 0.267 0.233 0.000 0.000 0.000 0.000 0.267 0.000 0.000 0.000 0.000 0.000 0.000 0.000 0.347 0.267 0.268 0.011 0.000 0.000 0.000 0.000 0.268 0.004 0.000 0.000 0.000 0.000 0.000 0.000 0.259 0.270 0.272 0.108 0.000 0.000 0.000 0.000 0.000 0.000 0.000 0.000 0.000 0.000 0.000 0.000 0.000 0.000 0.000 0.000 0.000 0.000 0.000 0.000 0.000 0.000 0.000 0.000 0.000 0.000 0.000 0.000
E 0.000 0.000 0.000 0.000 0.000 0.000 0.000 0.000 0.000 0.000 0.219 0.167 0.211 0.227 0.000 0.000 0.000 0.000 0.310 0.111 0.059 0.000 0.000 0.000 0.000 0.000 0.268 0.241 0.267 0.241 0.000 0.000 0.000 0.000 0.289 0.240 0.270 0.272 0.054 0.000 0.000 0.000 0.057 0.028 0.000 0.000 0.000 0.000 0.000 0.000 0.000 0.000 0.000 0.000 0.000 0.000 0.000 0.000 0.000 0.000 0.000 0.000 0.000 0.000
U 0.172 0.000 0.019 0.067 0.000 0.000 0.000 0.000 0.277 0.000 0.117 0.159 0.000 0.000 0.000 0.000 0.212 0.070 0.271 0.016 0.000 0.000 0.000 0.000 0.022 0.368 0.246 0.000 0.000 0.000 0.000 0.000 0.000 0.000 0.000 0.000 0.000 0.000 0.000 0.000 0.000 0.000 0.000 0.000 0.000 0.000 0.000 0.000 0.000 0.000 0.000 0.000 0.000 0.000 0.000 0.000 0.000 0.000 0.000 0.000 0.000 0.000 0.000 0.000
U 0.000 0.000 0.000 0.000 0.166 0.000 0.000 0.094 0.000 0.000 0.000 0.000 0.268 0.010 0.000 0.268 0.000 0.000 0.000 0.000 0.083 0.212 0.001 0.284 0.000 0.000 0.000 0.000 0.000 0.334 0.324 0.079 0.000 0.000 0.000 0.000 0.000 0.054 0.034 0.000 0.000 0.000 0.000 0.000 0.000 0.000 0.000 0.000 0.000 0.000 0.000 0.000 0.000 0.000 0.000 0.000 0.000 0.000 0.000 0.000 0.000 0.000 0.000 0.000
U 0.000 0.000 0.000 0.000 0.000 0.000 0.000 0.000 0.000 0.000 0.000 0.000 0.000 0.000 0.000 0.000 0.000 0.000 0.000 0.000 0.000 0.000 0.000 0.000 0.000 0.000 0.000 0.000 0.026 0.000 0.000 0.000 0.000 0.000 0.000 0.000 0.276 0.000 0.000 0.184 0.000 0.000 0.000 0.000 0.267 0.000 0.000 0.274 0.000 0.000 0.000 0.000 0.290 0.000 0.061 0.238 0.000 0.000 0.000 0.000 0.108 0.288 0.302 0.004
U 0.000 0.000 0.000 0.000 0.000 0.000 0.000 0.000 0.000 0.000 0.000 0.000 0.000 0.000 0.000 0.000 0.000 0.000 0.000 0.000 0.000 0.000 0.000 0.000 0.000 0.000 0.000 0.000 0.000 0.000 0.000 0.000 0.228 0.000 0.000 0.000 0.210 0.000 0.000 0.000 0.276 0.009 0.000 0.000 0.277 0.000 0.000 0.000 0.061 0.312 0.007 0.260 0.117 0.000 0.000 0.000 0.000 0.077 0.266 0.098 0.000 0.000 0.000 0.000
U 0.000 0.000 0.000 0.000 0.000 0.000 0.000 0.000 0.121 0.000 0.000 0.106 0.000 0.000 0.000 0.000 0.267 0.000 0.000 0.272 0.000 0.000 0.000 0.000 0.267 0.000 0.000 0.284 0.000 0.000 0.000 0.000 0.249 0.023 0.049 0.247 0.000 0.000 0.000 0.000 0.053 0.363 0.373 0.009 0.000 0.000 0.000 0.000 0.000 0.000 0.000 0.000 0.000 0.000 0.000 0.000 0.000 0.000 0.000 0.000 0.000 0.000 0.000 0.000
U 0.000 0.000 0.000 0.000 0.000 0.000 0.000 0.000 0.000 0.000 0.000 0.000 0.068 0.000 0.000 0.128 0.000 0.000 0.000 0.000 0.268 0.000 0.000 0.271 0.000 0.000 0.000 0.000 0.269 0.000 0.000 0.271 0.000 0.000 0.000 0.000 0.276 0.000 0.008 0.269 0.000 0.000 0.000 0.000 0.314 0.193 0.339 0.053 0.000 0.000 0.000 0.000 0.000 0.083 0.034 0.000 0.000 0.000 0.000 0.000 0.000 0.000 0.000 0.000
U 0.221 0.000 0.000 0.120 0.019 0.000 0.000 0.000 0.272 0.000 0.000 0.269 0.000 0.000 0.000 0.000 0.276 0.000 0.000 0.276 0.000 0.000 0.000 0.000 0.267 0.024 0.000 0.282 0.000 0.000 0.000 0.000 0.021 0.329 0.314 0.092 0.000 0.000 0.000 0.000 0.000 0.000 0.000 0.000 0.000 0.000 0.000 0.000 0.000 0.000 0.000 0.000 0.000 0.000 0.000 0.000 0.000 0.000 0.000 0.000 0.000 0.000 0.000 0.000
U 0.170 0.000 0.164 0.030 0.000 0.000 0.000 0.000 0.276 0.000 0.248 0.023 0.000 0.000 0.000 0.000 0.304 0.110 0.327 0.000 0.000 0.000 0.000 0.000 0.014 0.163 0.062 0.000 0.000 0.000 0.000 0.000 0.000 0.000 0.000 0.000 0.000 0.000 0.000 0.000 0.000 0.000 0.000 0.000 0.000 0.000 0.000 0.000 0.000 0.000 0.000 0.000 0.000 0.000 0.000 0.000 0.000 0.000 0.000 0.000 0.000 0.000 0.000 0.000
U 0.000 0.000 0.001 0.000 0.000 0.000 0.000 0.000 0.000 0.000 0.264 0.000 0.000 0.000 0.173 0.067 0.000 0.000 0.267 0.000 0.000 0.000 0.139 0.130 0.000 0.000 0.267 0.000 0.000 0.000 0.199 0.072 0.000 0.000 0.267 0.000 0.000 0.000 0.277 0.000 0.000 0.000 0.272 0.000 0.000 0.001 0.306 0.000 0.000 0.000 0.321 0.008 0.004 0.338 0.057 0.000 0.000 0.000 0.040 0.273 0.286 0.047 0.000 0.000
